科目,2011年度,2012年度,2013年度,2014年度,2015年度,2016年1-6月,2016年1-9月,2016年度,2017年1-3月,2017年1-6月,2017年1-9月
销售商品、提供劳务收到的现金,"343,948,283.25","719,570,392.69","681,710,660.42","1,171,524,618.87","1,807,197,039.95","1,284,042,666.48",,"2,664,181,561.34","328,828,982.94","118,943,156.80","398,779,545.47"
取得子公司及其他营业单位支付的现金净额,,,,,,,,,,,
收到的税费返还,"3,760,366.74","45,055,339.37","34,058,616.94","95,381,451.30","151,419,862.49","59,220,372.96",,"205,869,125.92","27,273,393.92","34,614,019.44","35,545,079.79"
支付其他与投资活动有关的现金,,,"13,610,000.00","387,008.00","40,000,000.00",,,"180,000,000.00","426,788,679.62","301,825,561.55","362,646,807.00"
收到其他与经营活动有关的现金,"4,263,433.41","4,909,248.97","3,919,495.00","3,086,399.10","35,025,197.08","17,506,663.99",,"19,643,380.60","104,080,126.14","103,832,546.86","106,069,432.58"
投资活动现金流出小计,"172,389,490.99","277,382,342.54","252,427,438.98","231,668,642.71","154,879,499.73","76,611,749.06",,"300,377,776.98","438,019,106.53","318,884,912.88","386,145,769.02"
经营活动现金流入小计,"351,972,083.40","769,534,981.03","719,688,772.36","1,269,992,469.27","1,993,642,099.52","1,360,769,703.43",,"2,889,694,067.86","460,182,503.00","257,389,723.10","540,394,057.84"
投资活动产生的现金流量净额,"-99,316,259.21","-175,043,247.02","-251,684,904.90","-214,315,831.39","-136,552,221.15","-35,870,642.41","-140,308,400.00","-297,977,419.83","-434,813,837.83","-303,249,315.63","-361,214,676.78"
购买商品、接受劳务支付的现金,"242,742,336.14","560,056,371.19","371,287,318.64","794,945,468.49","1,462,867,971.62","1,015,341,242.15",,"1,676,533,853.55","263,640,486.73","250,733,573.39","361,013,785.25"
吸收投资收到的现金,,"199,142,500.00",,,,,,"1,221,547,000.00",,,
支付给职工以及为职工支付的现金,"31,361,535.92","56,662,190.03","73,549,504.16","112,745,513.79","160,073,954.18","105,693,740.98",,"186,568,193.92","54,392,389.71","84,217,767.46","106,983,977.40"
取得借款收到的现金,"106,734,565.50","350,087,154.96","241,435,700.00","337,374,650.00","372,304,035.54","132,207,072.87",,"136,244,395.66",,,
支付的各项税费,"35,244,352.50","24,157,645.34","23,808,974.87","34,256,844.52","46,772,385.28","10,356,314.51",,"52,798,415.06","17,774,109.06","61,811,961.03","65,495,472.50"
收到其他与筹资活动有关的现金,,,,,,,,,"6,700,399.85",,"19,150,226.28"
支付其他与经营活动有关的现金,"19,505,601.39","49,619,553.35","41,164,528.29","48,106,529.90","108,723,547.84","50,916,878.44",,"197,529,769.12","12,527,645.38","21,388,121.57","30,131,357.26"
筹资活动现金流入小计,"106,734,565.50","549,229,654.96","241,435,700.00","337,374,650.00","372,304,035.54","132,207,072.87",,"1,357,791,395.66","6,700,399.85",,"19,150,226.28"
经营活动现金流出小计,"328,853,825.95","690,495,759.91","509,810,325.96","990,054,356.70","1,778,437,858.92","1,182,308,176.08",,"2,113,430,231.65","348,334,630.88","418,151,423.45","563,624,592.41"
偿还债务支付的现金,"79,348,408.78","282,536,130.28","231,500,150.00","381,695,200.00","321,411,005.30","250,978,183.15",,"463,507,845.84",,,
经营活动产生的现金流量净额,"23,118,257.45","79,039,221.12","209,878,446.40","279,938,112.57","215,204,240.60","178,461,527.35","531,704,500.00","776,263,836.21","111,847,872.12","-160,761,700.35","-23,230,534.57"
分配股利、利润或偿还利息支付的现金,"15,473,993.32","109,767,292.43","21,099,946.66","19,863,526.45","20,362,358.71","7,017,630.58",,"9,968,770.47",,"70,243,500.00","70,243,500.00"
收回投资收到的现金,"26,220,870.00","36,518,200.00",,,,,,,,,
支付其他与筹资活动有关的现金,,,"1,104,400.00","753,600.00","8,600,930.98","12,313,177.37",,"102,202,237.49","625,000.00","138,242,614.17","625,000.00"
取得投资收益收到的现金,,,,,,,,,,,
筹资活动现金流出小计,"94,822,402.10","392,303,422.71","253,704,496.66","402,312,326.45","350,374,294.99","270,308,991.10",,"575,678,853.80","625,000.00","208,486,114.17","70,868,500.00"
处置固定资产、无形资产和其他长期资产收回的现金净额,,"135,000.00","168,838.46","111,235.00","152,474.00","302,384.50",,"302,384.50","5,609.40","48,909.40","53,109.40"
筹资活动产生的现金流量净额,"11,912,163.40","156,926,232.25","-12,268,796.66","-64,937,676.45","21,929,740.55","-138,101,918.23","-250,174,400.00","782,112,541.86","6,075,399.85","-208,486,114.17","-51,718,273.72"
处置子公司及其他营业单位收到的现金净额,"9,583,700.00","6,672,200.00",,,,,,,,,
四、汇率变动对现金的影响,"2,189,391.06","2,377,948.65","-7,284,850.53","-3,473,300.64","8,733,019.62","-8,179,848.26","-16,058,600.00","-9,187,090.56","-4,091,855.86","-18,805,168.68","-39,238,958.35"
收到其他与投资活动有关的现金,"37,268,661.78","59,013,695.52","573,695.62","17,241,576.32","18,174,804.58","40,438,722.15",,"2,097,972.65","3,199,659.30","15,586,687.85","24,877,982.84"
四(2)、其他原因对现金的影响,,,,,,,,,,,
投资活动现金流入小计,"73,073,231.78","102,339,095.52","742,534.08","17,352,811.32","18,327,278.58","40,741,106.65",,"2,400,357.15","3,205,268.70","15,635,597.25","24,931,092.24"
五、现金及现金等价物净增加额,"-62,096,447.30","63,300,155.00","-61,360,105.69","-2,788,695.91","109,314,779.62","-3,690,881.55","125,163,100.00","1,251,211,867.68","-320,982,421.72","-691,302,298.83","-475,402,443.42"
购建固定资产、无形资产和其他长期资产支付的现金,"172,389,490.99","277,382,342.54","238,817,438.98","231,281,634.71","114,879,499.73","76,611,749.06",,"120,377,776.98","11,230,426.91","17,059,351.33","23,498,962.02"
期初现金及现金等价物余额,"187,896,787.29","125,800,339.99","189,100,494.99","127,740,389.30","124,951,693.39","234,266,473.01",,"234,266,473.01","1,485,478,340.69","1,485,478,340.69","1,485,478,340.69"
投资支付的现金,,,,,,,,,,,
期末现金及现金等价物余额,"125,800,339.99","189,100,494.99","127,740,389.30","124,951,693.39","234,266,473.01","230,575,591.46",,"1,485,478,340.69","1,164,495,918.97","794,176,041.86","1,010,075,897.27"
